Latitude           Longitude   Distance from last(ft)		Point

40.2466983333  -111.648676667       38799566.9804		1
40.246695      -111.648681667       1.84854981926		1
40.2466966667  -111.64869       2.39876220899		1
40.246995         -111.648655       109.271430975		2
40.2469916667      -111.648653333       1.30158996379		2
40.24699      -111.648653333      0.608022113334		2
40.246995          -111.64874        24.201146462		3
40.246995      -111.648738333      0.464082824845		3
40.246995         -111.648735      0.928165641776		3
40.2468066667      -111.648726667       68.7456711258		4
40.2468066667      -111.648731667       1.39225234039		4
40.246805      -111.648733333      0.764895391064		4
40.246785      -111.648701667       11.4448919624          	5
40.2468133333          -111.64865       17.7148296208 disconnected(5)
40.2468133333          -111.64865                   0 Disconnected(5)
-------  Disconnected   ------------------------
------- Begin 5 - 11 points

Latitude           Longitude   Distance from last(ft)		Point
40.2468466667      -111.648611667       38799536.0065    	5
40.2468483333      -111.648613333      0.764895215335     	5
40.24685         -111.648615      0.764895212864         	5
40.24662      -111.648721667       89.0088047638        	6
40.246625      -111.648718333       2.04663600667       	6
40.24663      -111.648713333       2.29468839803         	6
40.2463666667      -111.648743333       96.4300014839		7
40.2463633333      -111.648753333       3.03847512004		7
40.2463666667      -111.648748333       1.84855495724		7
40.2463783333          -111.64863       33.2239287136		8
40.2463783333      -111.648628333      0.464087048873		8
40.2463816667      -111.648628333       1.21604422408		8
40.2465966667          -111.64865       78.6665408081		9
40.2466033333      -111.648648333       2.47597043634		9
40.2466116667      -111.648638333        4.1225943469		9
40.2468866667         -111.648695       101.556916529		10
40.2468883333      -111.648696667      0.764895048941		10
40.2468866667           -111.6487        1.1095878016		10
40.2470466667           -111.6487        58.370122779		11
40.2470416667      -111.648698333       1.88217707953		11
40.247045      -111.648698333       1.21604422408		11


